0.000000000000000000e+00 8.798813405973386625e-02 5.821666342134521749e-02 3.550864268113712585e-02 2.246483382031096154e-02 2.274478294301686410e-02 6.716961405883098424e-03 -1.336798937506405993e-03 -2.924136648382617484e-02 -3.581573183968497082e-02 -9.351077399997589912e-03 -3.640898654063528389e-02 -3.263468695101592876e-02 -1.760194257216275704e-02 9.437502293014182753e-03 -1.549890889817229223e-02 1.102075598140588031e-02 -2.180113461109728368e-02 -5.442499782360180061e-03 2.037370170717149598e-02 -6.214984214233845727e-03 -1.446830433770449065e-02 -1.074714352221702029e-02 -2.613335391573050337e-02 -1.667430431062473517e-02 9.717328244525313963e-03 -2.673282393302749138e-02 -1.243695974485370392e-03 -2.883720999965267567e-02 2.573166683673870636e-02 -1.632229266015511326e-02 -1.540029030000159005e-02 -1.252745445567301358e-02 -1.978806206567140791e-02 -2.427539073967543287e-02 -3.028669446342018012e-02 1.953303439095098459e-02 -3.694900355012981086e-02 -1.211791490661334736e-02 -1.672376843890766018e-03 -2.731897910476562691e-02 -2.124898632931183223e-02 -9.476217815982013182e-03 2.593143205653775096e-02 -1.694690653254371515e-02 -1.759328282092877116e-02 -6.811344650048262173e-03 -2.072747608594482926e-02 8.030105176633453579e-03 -9.110649624396657820e-03 6.876326338748489642e-04 4.626692435759069411e-03 6.673854385305513781e-02 6.453670460705002165e-02 7.213945227613088873e-02 6.866237313540296539e-02
8.798813405973386625e-02 0.000000000000000000e+00 6.116111355049252962e-01 3.412181944749492768e-01 1.912336144303601881e-01 2.015031682336180796e-01 -3.660550602487211425e-03 -3.853868431011614470e-02 -1.083730071629248337e-01 1.103894842570796175e-01 -4.662783733306830047e-02 9.772865884431086725e-02 -1.262178061409664487e-01 -3.007978574382136339e-02 -2.652138441363122157e-02 5.704822554068372797e-03 5.124337123090061397e-02 9.324690521276740585e-02 -2.846732085642794674e-02 -2.122252636728400033e-02 -5.380187954484036417e-02 -1.165117880060811129e-01 -8.349544727055641102e-02 -9.318602159687655595e-02 -6.844269836518274142e-02 1.279497529506390396e-01 5.597185988355790620e-04 1.425902548353337185e-01 -4.217546830052454343e-02 6.555427550313824847e-02 1.570157317336240421e-01 5.656239456584860603e-02 -1.271912980103523105e-01 -8.800710153978327788e-02 -8.275564527896769884e-02 -3.760712449469602592e-02 -6.857061721320789616e-02 -1.145245087433182929e-01 -5.880175108870705492e-02 4.230840563772475527e-02 -3.300876723433382454e-02 -1.020511387945276793e-01 1.296857289821934378e-02 -1.303894480135490419e-01 -1.227401007169079961e-01 -1.771766411077866088e-01 -3.217863870630777168e-03 4.647668183379582985e-03 -1.106749698564568896e-01 -5.696165274605863305e-02 -1.083347114948880752e-01 -3.138200427843335083e-02 1.457823556451813551e-02 -1.548448722000751732e-02 4.875787769103230584e-02 -3.013302852941017115e-02
5.821666342134521749e-02 6.116111355049252962e-01 0.000000000000000000e+00 2.088945493079619187e-01 1.208112974142976359e-01 1.136317601893798157e-01 1.428154350981308829e-02 4.064839401275444075e-03 -7.233196803637739758e-02 3.575924582827982867e-02 -2.420038639486682408e-02 4.730102400543456653e-02 -8.944511728952062035e-02 -4.690028190964473653e-02 -3.979646020445454235e-02 2.554046297465689674e-02 -9.782282511850926010e-03 5.075951789124727442e-02 -3.265940268900896504e-02 1.077945328504277822e-01 5.197330026014573834e-02 -1.938572503729873997e-02 -3.885758770443792365e-02 -4.391697292249191475e-02 -1.628934979165719277e-03 -1.858095779999519026e-02 5.950882096842141644e-02 7.364230317277326021e-02 -5.732258469021450642e-02 -4.668429249934091807e-02 1.174203920451499794e-02 -3.208792219190742534e-02 -6.121287847732359566e-04 -3.078568654651020475e-02 -8.442100038506666904e-02 -5.765891519389895747e-02 8.490752193842054929e-02 -6.717342633322831436e-02 -6.834889424252182932e-02 -6.889686450964022102e-02 -8.318564556084917516e-02 -1.232559718043047814e-01 7.669469273337448101e-03 -4.437789265300534636e-02 -1.675520673347047351e-02 -1.225723021773965637e-01 -1.777146856243821960e-02 1.373563807950006765e-03 -5.145051455615040625e-02 -7.642986060252976444e-02 1.380117756692084141e-02 -1.016485391036596186e-01 1.919229551633924724e-02 -1.155181023894072401e-03 5.416579205123950302e-02 -4.053900351840777905e-03
3.550864268113712585e-02 3.412181944749492768e-01 2.088945493079619187e-01 0.000000000000000000e+00 5.182734909920164723e-01 2.593099965868135293e-01 2.525369583412762076e-03 1.178655896815711257e-01 1.545077003194456067e-02 9.395905458732511928e-02 -6.892040103442798049e-02 1.321862215918123695e-03 -5.722486220562339465e-02 -2.262228622858797333e-02 -5.561203466636188697e-02 -4.653069971378598346e-03 1.613132746384737803e-01 -9.448947938234220079e-02 -3.335097455246072151e-03 -1.102723200989660923e-01 3.588302807287147012e-02 -3.103114537164886055e-02 6.995400055656142424e-02 -7.221715875063616785e-02 -1.291153985233089996e-01 -2.410814949644035643e-02 -1.551757561690958465e-02 1.881858012676385083e-02 5.738028799373595668e-02 -8.630230776417358030e-02 -1.429787079498368030e-02 -1.852923263070671567e-02 2.139793296472053408e-02 -1.018744528128922022e-01 4.652902935278158125e-02 -1.885897444255111577e-01 4.900307317825292053e-02 -4.941986918434937426e-02 -3.070191327985805074e-02 -5.584499419103894358e-02 -5.961574728625740338e-02 1.488469531503969767e-01 1.797773190607740990e-01 -7.205669202654496619e-02 -1.056021856662653358e-01 -8.961683762729799607e-02 -1.930569562153764407e-01 -8.813149826023480848e-02 -5.480114988568940415e-02 -2.175802007544892502e-01 -5.316440363139729453e-02 -3.096274629374146103e-02 9.073740829410037456e-02 7.104803311968233004e-02 5.147236025227341916e-02 4.852439930398129431e-02
2.246483382031096154e-02 1.912336144303601881e-01 1.208112974142976359e-01 5.182734909920164723e-01 0.000000000000000000e+00 3.536327322909419424e-01 6.740810650693818129e-02 2.330556204903049267e-01 -1.501216988817988263e-02 5.615965996307681340e-02 -8.146312939111977069e-02 1.051100854365846216e-01 1.997737947887116006e-01 1.056967215294140061e-01 1.934678968800351839e-02 8.981966004177632801e-02 -5.875184563593671694e-02 -1.786409384308285109e-02 -9.698203853180986656e-02 1.033960203484789453e-01 -1.890540386385020089e-02 -1.276890331826799896e-01 -1.981859176416701507e-01 -1.289190975009080198e-02 7.483608382064010911e-02 7.972797901116135399e-02 3.361100944814243707e-02 -2.949239836122830027e-02 1.241273760732554132e-01 -6.190976020265281932e-02 -5.215155514784730606e-02 -7.982639610575814615e-02 1.779066223587207896e-01 -1.866991658269739895e-01 -2.108911539796176626e-02 -4.144690488823410401e-02 -6.143368095237811133e-02 -1.511087196568539071e-01 8.786097218008337428e-02 -1.713073932710973413e-01 -1.459342105726146865e-02 -1.422933658763699816e-01 -5.282000073879700164e-02 -1.226777366669209446e-01 -9.576764682887650704e-02 -1.028328495168280288e-01 -5.330283111822120556e-02 -5.559536970327172423e-02 7.062395568678503377e-02 -1.363854658497958283e-01 1.754048452678580450e-02 6.919719999305573577e-02 -2.281135684739316050e-02 -3.915015733701916745e-02 4.361521126338729903e-02 -3.097271319963387781e-02
2.274478294301686410e-02 2.015031682336180796e-01 1.136317601893798157e-01 2.593099965868135293e-01 3.536327322909419424e-01 0.000000000000000000e+00 2.509381622658436450e-01 8.502091431286884493e-02 1.075361315869026724e-01 2.317931067917187171e-01 5.891501149976163809e-02 8.567864372088629388e-02 3.928676864292472981e-01 7.199830268905349495e-02 1.002982370049890770e-01 7.523798039637163981e-02 -1.177911889729421624e-01 -4.856745645919469112e-02 -4.407771743329225167e-02 -9.069100148936570793e-02 -1.584723420118017145e-02 -1.001473066250269106e-02 -1.378282558766271704e-01 -5.380957983162515390e-03 -1.995766404199404986e-01 -1.149035219068725855e-01 6.228927747881718435e-02 1.009668923212847513e-02 8.175561442969780934e-02 -1.121017593761327591e-01 -1.113887614892489220e-01 -2.321195938767413036e-01 -2.315560779733005781e-02 1.786607962867279298e-01 -5.223600720012611109e-02 -1.024950721967088363e-01 5.325528681037261514e-02 -1.834676190725836875e-02 5.099225052501821231e-02 2.965035763299517235e-02 -8.543900623774480785e-02 8.177233585428544949e-03 -4.705587792547427650e-02 -7.260392054366893166e-02 -7.197215710758053664e-02 -1.037500528022031743e-01 9.089565585995273977e-02 -2.022435908962627593e-02 9.721467741013345432e-03 -4.381932664118626253e-02 -1.420449915382074879e-01 -1.148062399629088404e-01 -4.659358987152033282e-02 -1.877713052826318618e-02 2.566389818767131348e-02 -4.827165027273697118e-02
6.716961405883098424e-03 -3.660550602487211425e-03 1.428154350981308829e-02 2.525369583412762076e-03 6.740810650693818129e-02 2.509381622658436450e-01 0.000000000000000000e+00 3.947456427800204448e-01 -5.671804551898795843e-02 4.220378857208733070e-01 6.187277532955199888e-01 4.688269819841095476e-02 6.225341629622005435e-02 6.076850267026978614e-03 2.710969997342143056e-01 1.569154545352458019e-02 6.067374683157988891e-02 5.874519209711137613e-02 4.340576963749231965e-03 1.142238998665501271e-03 9.652881780704847259e-02 -1.513460626694151934e-02 -2.030648825731540263e-02 -9.691891828632370753e-02 1.575577132121042112e-02 -1.173809363392441796e-02 2.255973761391283361e-02 -5.065102967378387611e-02 8.716350664435013051e-02 -2.262166744168840893e-01 5.307596546384063529e-02 -1.123213720044171637e-01 2.105458285668112550e-01 2.737374214040388942e-02 -1.512493667045000656e-02 -6.462655460217936465e-02 -5.178961326470732374e-02 6.585044652207883153e-02 1.846771991601408036e-01 -7.955198576822009038e-02 7.636991976571083640e-02 -9.077510266084842794e-02 -8.612170613113079298e-02 2.616141821291266822e-01 -2.896723614919105572e-02 -3.137477884195633004e-01 2.731417128993318677e-02 -1.889914219725379319e-01 -1.399169415740806333e-01 -6.931232048508939592e-02 -2.226874397533180616e-01 -1.874400914084364267e-01 -6.429259678640525388e-02 -3.923960476082344329e-02 1.794339985167536788e-02 -6.878502183564857986e-02
-1.336798937506405993e-03 -3.853868431011614470e-02 4.064839401275444075e-03 1.178655896815711257e-01 2.330556204903049267e-01 8.502091431286884493e-02 3.947456427800204448e-01 0.000000000000000000e+00 -1.405630449780465030e-01 1.387771662940686657e-01 5.629197617119403585e-01 3.199485970055910844e-01 4.468249756566555764e-02 -7.914912059629686247e-02 -8.941608768638698024e-03 1.685908394844373159e-01 1.187806846014529683e-01 -1.108421073817205116e-01 -1.492416170745181070e-01 -2.388341272866724152e-01 5.053803713217819293e-02 -6.878214511162838996e-02 1.877561990504335032e-01 -1.542977676077006421e-02 -8.185443689390536903e-02 3.926738548329777867e-01 -1.077232646975523345e-02 1.040891131847150319e-01 -5.305463954864086951e-02 -1.042912481855855500e-01 2.087533338763369883e-02 -8.643479455012959001e-02 4.530258711427215257e-02 -2.428112382237452849e-01 4.584424212932280973e-02 2.883384559580692841e-02 6.809940669188363493e-02 1.877064126721172954e-03 6.533462356914587765e-01 -2.070229829480640937e-02 -9.901863494947971134e-02 -4.273187414744827883e-02 -8.299560073641898406e-02 1.154757304297771014e-01 -2.277549010793359363e-01 -4.336350782211506605e-02 -2.004291316534112521e-01 -1.976299750353143203e-01 -4.671261115640445993e-02 -1.879876484097262601e-01 4.919612378867599389e-02 4.168830514131582898e-02 -4.795914910103957207e-02 -6.030279387904738386e-02 5.367117964819478892e-03 -1.809887778568003425e-02
-2.924136648382617484e-02 -1.083730071629248337e-01 -7.233196803637739758e-02 1.545077003194456067e-02 -1.501216988817988263e-02 1.075361315869026724e-01 -5.671804551898795843e-02 -1.405630449780465030e-01 0.000000000000000000e+00 1.586156324859300248e-02 -2.870744622718379713e-02 -5.323584890185562024e-02 3.329544811393029269e-01 2.700319151851409138e-01 -8.568198431967688489e-02 6.468720088633178600e-02 -1.685057413304229534e-01 3.400761731271351174e-02 1.266631688737007710e-02 3.957950003094362623e-02 -2.118954766826629532e-01 2.323512465208821265e-02 9.950884507533586110e-02 1.625118917485010028e-01 5.825566051538799694e-02 1.740121526229929660e-01 1.777627824115135535e-02 -9.910078925358789537e-02 -2.217791257893704238e-01 -9.607734281648716568e-02 5.171816392269756868e-02 -2.527913434113249203e-02 1.681124721078530726e-02 2.957169710092655279e-02 -1.310788691613120616e-01 2.749351068939698273e-04 -1.772598884838283428e-02 2.321725576641286981e-02 3.238993003005238291e-01 1.519745707489803532e-01 -2.256545409462207274e-02 2.595333421242292937e-01 9.780436253657109891e-02 2.255120650940134475e-02 -1.289548259829108590e-01 1.001597218423700975e-01 -7.246302476828014871e-02 7.412356362374417085e-02 -1.238107617682366879e-01 7.676950006831462225e-02 -2.932274088913022769e-02 -1.498111487234610184e-02 -9.018173557281335129e-02 -7.528635502350217168e-02 -7.612375712540318806e-02 -6.929246692545618092e-02
-3.581573183968497082e-02 1.103894842570796175e-01 3.575924582827982867e-02 9.395905458732511928e-02 5.615965996307681340e-02 2.317931067917187171e-01 4.220378857208733070e-01 1.387771662940686657e-01 1.586156324859300248e-02 0.000000000000000000e+00 -1.140967008573379182e-02 8.661902245976627057e-02 1.449945483585478589e-01 8.916482143332207233e-01 1.836465817914088028e-01 -9.306420641562951346e-03 3.205377543764043047e-02 -1.980706036392443359e-02 -1.098112625570386580e-01 -1.256497356913863772e-01 -5.547526667608582152e-02 1.725649213593125619e-01 -1.317625949748446601e-01 5.246636802786341924e-02 1.434316081688786770e-01 -1.458019887170469708e-02 1.388802888591176288e-01 -7.912893061620929203e-02 -1.043724467341700102e-01 -1.369422076510737885e-01 -1.307664066203515496e-01 -1.014863562847139189e-01 -1.177503162921453850e-01 2.628766766994905524e-01 1.284917339583666607e-01 -7.816736062178952782e-02 6.892890630908210525e-02 6.588003475993531310e-04 -4.362528774324947456e-02 -4.224183318235974482e-02 -9.247056680874221612e-02 -1.889536189048829362e-01 6.037180521455254301e-02 3.111001581244710046e-02 -1.533683524309319424e-01 4.611165547860895941e-03 7.184656974641101534e-02 -1.420591501478982721e-01 -1.783856664910763445e-01 -1.645543016356998400e-02 5.896697526304373049e-02 5.994593253939306532e-02 -3.686723481930476165e-02 -8.557035803327783796e-02 -8.081244426281858351e-03 -8.501485232794872560e-02
-9.351077399997589912e-03 -4.662783733306830047e-02 -2.420038639486682408e-02 -6.892040103442798049e-02 -8.146312939111977069e-02 5.891501149976163809e-02 6.187277532955199888e-01 5.629197617119403585e-01 -2.870744622718379713e-02 -1.140967008573379182e-02 0.000000000000000000e+00 1.539043670061663871e-01 -9.209449018936088915e-02 4.758290753283189733e-01 6.530067831993202621e-01 -5.349985471162588269e-02 1.034795910389312290e-01 -4.261598996618221058e-02 -5.372109536896663151e-02 8.588293407376534905e-02 1.191930220750043734e-01 1.438675303754666235e-01 -1.437324263662342894e-02 4.739853976302010885e-02 1.177530609254073823e-03 -1.238485546125955850e-01 1.071228396456815890e-01 -1.196091626691480059e-01 -3.612339772377388680e-01 2.765742170812601763e-02 1.827654753880851857e-01 -5.940391093871166817e-02 4.429401258543552711e-02 -1.378492835965894336e-02 -1.637971296158058365e-01 -1.076487427404040353e-01 -2.767901320939580856e-02 -4.721320652508587123e-02 2.840043975998816084e-01 -1.036919510139224787e-01 -2.565486871068345387e-02 -2.269424612009532938e-01 -1.080228888961820566e-02 -5.212534401000845641e-02 -7.038886799702526176e-02 9.451226908573451269e-02 2.271456202988675344e-02 -7.738951466927113110e-02 -8.621019380560035472e-02 4.735335325901202097e-03 -2.290632952574478409e-02 5.350215765374410903e-02 -4.322657457340292608e-02 -1.382945005808707828e-01 -1.893734081703180028e-03 -8.870884329170346250e-02
-3.640898654063528389e-02 9.772865884431086725e-02 4.730102400543456653e-02 1.321862215918123695e-03 1.051100854365846216e-01 8.567864372088629388e-02 4.688269819841095476e-02 3.199485970055910844e-01 -5.323584890185562024e-02 8.661902245976627057e-02 1.539043670061663871e-01 0.000000000000000000e+00 1.302674357541944161e-02 -3.356232177075813006e-02 2.704941583417375117e-01 1.858414929758844814e-01 -5.413168650856947650e-02 7.893220280041091108e-02 -1.299530792080716424e-02 -1.172273617836159243e-01 -1.762302059201901194e-01 -6.165796648791932455e-02 1.356471071901046432e-01 -1.328439852844800484e-01 1.126207152857152671e-01 5.817631394022360070e-03 8.280164948846613360e-02 4.244092413905509176e-02 1.014656499509745124e-01 -1.544845360217208530e-01 -9.842082774274873991e-02 -9.492227733180280680e-02 -5.677101054773026068e-02 -3.859531957450657025e-02 -6.242575004074413236e-02 -1.693739581502142766e-01 -9.078618818517925071e-02 1.877046183973473115e-01 4.730841059847039620e-01 6.959343518106209103e-02 -2.574211177672336426e-02 5.017227533506751769e-02 4.879561172363056087e-01 -4.011438740411321646e-03 -1.255759972378145406e-03 8.053944778396671111e-02 -7.419974143035323877e-02 4.236001218383145250e-02 -7.268952485825574961e-02 -1.121502076291517325e-01 5.454065413127540118e-02 -1.983993731930003279e-01 -1.221380277449174989e-01 -1.180669838607875666e-01 -1.008813720653653490e-01 -1.101602860835449310e-01
-3.263468695101592876e-02 -1.262178061409664487e-01 -8.944511728952062035e-02 -5.722486220562339465e-02 1.997737947887116006e-01 3.928676864292472981e-01 6.225341629622005435e-02 4.468249756566555764e-02 3.329544811393029269e-01 1.449945483585478589e-01 -9.209449018936088915e-02 1.302674357541944161e-02 0.000000000000000000e+00 2.179398837730184280e-02 2.836853904703573459e-02 4.319331043497268707e-01 -1.012636287070288743e-01 5.044005287071495758e-04 8.333319051447285464e-02 -1.947837756051988278e-01 -8.399944615615562160e-02 6.080111144398669953e-02 1.190524292363323022e-01 1.905122263359912971e-01 -5.149878477137415089e-02 1.036941360760232911e-01 -6.830982705515253883e-02 2.060374938153863855e-02 -2.423961521069520897e-01 -4.635474546899720494e-02 -9.212234185559275979e-02 -1.475417828865056569e-01 7.456005360941408977e-02 1.367836935060062764e-02 1.297462545556968827e-01 -1.023516973650229200e-02 -1.247531757217940074e-01 -1.309631416136936011e-02 8.261123401275449751e-02 -7.029707937698781439e-02 8.804796746391641005e-02 1.844257346591529068e-01 -3.224915638922665195e-02 -1.569342137910250123e-01 -9.907019232515357210e-02 -2.307373368241094624e-02 -1.712774039722094743e-01 1.025652143787508797e-01 6.685363803852462095e-02 7.743794068874043646e-03 -1.557491474395877873e-03 -8.159027028480392296e-02 -9.709001309289372328e-02 -8.075354425680866810e-02 -8.565679503913765924e-02 -7.501876833845402825e-02
-1.760194257216275704e-02 -3.007978574382136339e-02 -4.690028190964473653e-02 -2.262228622858797333e-02 1.056967215294140061e-01 7.199830268905349495e-02 6.076850267026978614e-03 -7.914912059629686247e-02 2.700319151851409138e-01 8.916482143332207233e-01 4.758290753283189733e-01 -3.356232177075813006e-02 2.179398837730184280e-02 0.000000000000000000e+00 3.363328906502680571e-01 -2.345689264989270217e-02 9.005520941977307459e-02 5.388480353705853432e-01 -4.233511016751823064e-02 -2.723816126854794462e-02 -2.353841822472070300e-01 3.089630604667230607e-01 -2.302243542775440632e-01 6.521003401178915304e-02 1.722981799223197719e-01 -2.219411576283514265e-02 4.228480087133945631e-03 -1.283199764991234115e-01 -1.931932860594267609e-01 8.412466691341413672e-02 -5.138927125010739339e-02 4.596422440096947781e-03 -7.566505462867934018e-02 8.416048410217502607e-02 8.930759264765231187e-02 4.357127036111529961e-02 -2.871055140571887598e-02 -6.820215300122978164e-02 -1.576738573408276167e-02 -3.219696551354100933e-02 -1.379994908932511422e-01 -5.359759851330492264e-02 -7.536043843360085148e-02 -7.990764053543197853e-02 -1.491605434255194318e-01 -3.941766940226720806e-02 9.722396055283533123e-02 -2.013230397534604421e-02 -2.590241209239365627e-01 2.974596572486309931e-02 -1.939366662564214749e-01 3.288677810797069334e-02 -3.948055251336066163e-02 -4.644635421269110997e-02 -6.704883511409132080e-03 -4.626110149343606870e-02
9.437502293014182753e-03 -2.652138441363122157e-02 -3.979646020445454235e-02 -5.561203466636188697e-02 1.934678968800351839e-02 1.002982370049890770e-01 2.710969997342143056e-01 -8.941608768638698024e-03 -8.568198431967688489e-02 1.836465817914088028e-01 6.530067831993202621e-01 2.704941583417375117e-01 2.836853904703573459e-02 3.363328906502680571e-01 0.000000000000000000e+00 1.467739388192184080e-01 8.034965406646743524e-02 2.687411465670563882e-01 3.038451101496741913e-01 -2.043274484654379330e-01 -4.701293272705142634e-02 5.279739685873097166e-02 -6.078355045496297571e-02 -9.223233065096314576e-02 1.460117258203692536e-01 9.029955513383258747e-03 -6.134755326489316207e-02 9.274750979143386864e-02 -1.585766637330208173e-01 -7.805601325197808471e-02 3.038437718503894658e-02 -2.037411238470163699e-01 -8.782893879164010986e-02 -5.201469014450177397e-02 2.916676676603375817e-01 -1.350593449240179433e-01 7.968132352684809128e-02 8.866483644220823912e-02 7.035630455541452832e-03 -6.941495997566948795e-02 -7.292593130614832830e-02 -1.224423070749963705e-01 1.855407015252807934e-01 -1.407827688714140546e-01 1.127534898486970416e-01 1.342582013425088761e-01 -1.043698057408311008e-01 9.951972126965769050e-02 -2.744250116315786192e-01 -1.684567132410776935e-01 -8.129680381622839125e-02 -7.633642395551631932e-02 -3.538019835856676121e-02 -6.323700412014912620e-02 -3.251886707104634233e-03 -8.792554060678992034e-02
-1.549890889817229223e-02 5.704822554068372797e-03 2.554046297465689674e-02 -4.653069971378598346e-03 8.981966004177632801e-02 7.523798039637163981e-02 1.569154545352458019e-02 1.685908394844373159e-01 6.468720088633178600e-02 -9.306420641562951346e-03 -5.349985471162588269e-02 1.858414929758844814e-01 4.319331043497268707e-01 -2.345689264989270217e-02 1.467739388192184080e-01 0.000000000000000000e+00 -9.654420633578020272e-02 -8.748532563900734971e-02 2.370586867784562068e-01 9.726914527295449364e-02 -1.842054838971457498e-01 -2.760158460691786164e-02 -7.092269968227615795e-02 -4.906819325716982316e-02 -1.994823955728537435e-01 7.321894425529518191e-02 -7.827525117273947952e-02 -1.245944224029222891e-01 5.243477947024133279e-02 1.529751593639994134e-01 3.272799775867984984e-02 -7.852859000399792233e-02 3.060550313423832103e-01 -1.776008433133680064e-02 1.568720478162757281e-01 -1.075521602852194114e-01 -1.055341310540683919e-01 -1.507388699997381787e-01 2.765346893275577589e-02 -3.954190667259382952e-02 -8.518029924700720734e-02 2.462597884763489953e-02 3.240168121926323419e-02 -3.757664043481212524e-02 9.271053332032930250e-02 5.330996020407530178e-02 -1.000315853315273396e-01 -2.817099339255779711e-03 1.803078775158003522e-01 -1.328490034604122849e-01 9.790598292833452287e-02 -3.743851811237702831e-02 -1.087817559210653984e-01 -9.812074922652430642e-02 -9.501163291802881827e-02 -8.958684982423878451e-02
1.102075598140588031e-02 5.124337123090061397e-02 -9.782282511850926010e-03 1.613132746384737803e-01 -5.875184563593671694e-02 -1.177911889729421624e-01 6.067374683157988891e-02 1.187806846014529683e-01 -1.685057413304229534e-01 3.205377543764043047e-02 1.034795910389312290e-01 -5.413168650856947650e-02 -1.012636287070288743e-01 9.005520941977307459e-02 8.034965406646743524e-02 -9.654420633578020272e-02 0.000000000000000000e+00 9.717313521315995573e-03 1.517542800203557363e-01 1.978877888900071325e-01 4.703812943232832389e-01 1.432533139784837317e-01 -1.475185577738917786e-01 -2.958361706356229526e-01 -4.978934012562996614e-03 -9.773665256745189822e-02 -7.996261398816806309e-02 -4.267771101523121224e-02 -1.317884648485510013e-01 4.907875282185869548e-01 1.831284283887870679e-01 -1.642717841877525675e-01 6.372659994627505320e-02 1.537450395567360628e+00 7.941595159435266282e-04 -4.426961271796447939e-02 -5.987547545480498279e-02 3.358282424003644628e-02 -2.060394888382368617e-01 -1.457259150181622331e-02 1.205533759146606432e-01 -1.060662426056810936e-01 -1.179347599922442313e-01 -9.680414427492989304e-02 -8.185891673555678594e-02 -1.362154519131997255e-01 -7.589108259340648921e-02 -6.239987118881828998e-02 -3.802114510684884152e-02 8.395536675532699888e-02 6.810713547111824084e-04 -1.618343526294107049e-01 -3.920943864336159934e-02 2.458564368751933737e-02 -3.701604471528624485e-02 -1.412064501214410628e-02
-2.180113461109728368e-02 9.324690521276740585e-02 5.075951789124727442e-02 -9.448947938234220079e-02 -1.786409384308285109e-02 -4.856745645919469112e-02 5.874519209711137613e-02 -1.108421073817205116e-01 3.400761731271351174e-02 -1.980706036392443359e-02 -4.261598996618221058e-02 7.893220280041091108e-02 5.044005287071495758e-04 5.388480353705853432e-01 2.687411465670563882e-01 -8.748532563900734971e-02 9.717313521315995573e-03 0.000000000000000000e+00 2.988243898822329214e-01 -2.029120883538952924e-01 1.941718961331826421e-01 6.321276199117886740e-01 -1.944260520428267025e-01 6.367521892007599327e-02 1.363625657414719861e-01 -9.142738501141645102e-02 -1.297822377309584274e-01 -5.845355073032854065e-02 1.756040989254592510e-02 1.408333150767731023e-01 1.269408107502156824e-01 1.573700167136906636e-01 -7.364266897742111073e-02 1.331840395228118812e-01 1.075366291703914179e-01 7.975568829444057428e-03 -2.872604948796686486e-02 -8.304781483062884107e-02 -1.312423647402496396e-01 3.560375756541844794e-02 -1.962997676384548029e-01 5.302296058069255746e-02 -3.093632253204670057e-02 2.811129164701628991e-01 -1.734261539392527585e-01 -8.007255454799211414e-02 1.693651013310448761e-02 -1.793286293051061797e-01 -2.367430513723131069e-01 2.176797485013564071e-01 1.813612441780036999e-01 -1.276658851044050191e-01 -1.605389172591331626e-02 -7.069195091246016638e-02 5.112654598888266566e-03 -4.127245151725908445e-02
-5.442499782360180061e-03 -2.846732085642794674e-02 -3.265940268900896504e-02 -3.335097455246072151e-03 -9.698203853180986656e-02 -4.407771743329225167e-02 4.340576963749231965e-03 -1.492416170745181070e-01 1.266631688737007710e-02 -1.098112625570386580e-01 -5.372109536896663151e-02 -1.299530792080716424e-02 8.333319051447285464e-02 -4.233511016751823064e-02 3.038451101496741913e-01 2.370586867784562068e-01 1.517542800203557363e-01 2.988243898822329214e-01 0.000000000000000000e+00 1.111168724578466271e-01 2.732259235129430586e-02 2.779846238571177519e-01 1.992156741167585565e-01 -5.899409782172249095e-02 3.855637094193742342e-02 -7.927635281971490144e-03 5.421851687406054054e-04 5.985923401353221429e-02 -1.455234732202870251e-01 9.255125515825812776e-02 2.588733813884958046e-02 -2.919304716699722135e-02 1.057300040177234779e-01 1.221216839656329434e-01 -1.105583099557680971e-01 7.471203803524373299e-02 -1.944992051161631430e-02 1.278826743741872107e-01 -8.296324735047977406e-02 -1.085165249706017132e-01 -2.129766618473655226e-01 -5.172312272952372947e-02 2.272001126396405724e-02 2.372536053763307784e-02 -6.300092615375163518e-02 3.555795711531897219e-01 -9.958952762551431803e-02 8.184610032878181229e-02 -1.603130179211711415e-01 3.781869445889654013e-01 -7.243231912060121847e-02 -4.514246076112882200e-02 -5.908652620490087437e-02 -1.266303750103692227e-02 -8.364351545536896637e-02 -4.498355962028688371e-03
2.037370170717149598e-02 -2.122252636728400033e-02 1.077945328504277822e-01 -1.102723200989660923e-01 1.033960203484789453e-01 -9.069100148936570793e-02 1.142238998665501271e-03 -2.388341272866724152e-01 3.957950003094362623e-02 -1.256497356913863772e-01 8.588293407376534905e-02 -1.172273617836159243e-01 -1.947837756051988278e-01 -2.723816126854794462e-02 -2.043274484654379330e-01 9.726914527295449364e-02 1.978877888900071325e-01 -2.029120883538952924e-01 1.111168724578466271e-01 0.000000000000000000e+00 1.448782515579519758e-01 2.363655211168540493e-01 1.247577940046933342e-01 2.232813543518127331e-01 -4.531966263207287682e-02 -3.016135729512120500e-01 -5.430998831441702368e-02 1.327405062962907500e-01 1.877446012665202613e-01 2.052933881389406023e-01 -2.433649448004759908e-02 -4.277122978414071852e-02 8.935339320310075051e-01 -1.470631865958664797e-01 -2.257731390650652425e-02 4.232479441445113899e-03 2.039183000608668639e-02 7.292434278546311432e-03 -8.077472450024947292e-02 1.217781593682828456e-01 -6.385690537729826755e-02 -1.669108516744588488e-01 -2.505310171724093316e-01 -9.409212976132586004e-02 -1.177590126853778063e-02 8.553401308074715104e-02 -3.191518892718736566e-02 6.964791792207658538e-03 2.211956918358285451e-01 -1.911360014226320958e-01 -1.310523610033790254e-01 2.508892195742246090e-02 9.592227910653217116e-02 2.097627761719647599e-02 3.862463668499521718e-02 2.030905799897209096e-02
-6.214984214233845727e-03 -5.380187954484036417e-02 5.197330026014573834e-02 3.588302807287147012e-02 -1.890540386385020089e-02 -1.584723420118017145e-02 9.652881780704847259e-02 5.053803713217819293e-02 -2.118954766826629532e-01 -5.547526667608582152e-02 1.191930220750043734e-01 -1.762302059201901194e-01 -8.399944615615562160e-02 -2.353841822472070300e-01 -4.701293272705142634e-02 -1.842054838971457498e-01 4.703812943232832389e-01 1.941718961331826421e-01 2.732259235129430586e-02 1.448782515579519758e-01 0.000000000000000000e+00 7.926097173618562586e-02 8.190504514540286607e-04 3.955647843916998418e-02 8.652732660522488572e-02 1.814141899258436830e-02 1.345771383585536718e-02 -1.757106069735104859e-01 -8.835285373379986318e-02 1.230152987094765837e+00 1.687493859091917514e-01 1.349228360383567527e-01 1.236672842512671622e-01 -1.189225920435008632e-01 8.458607221077141247e-02 -7.673496667666790394e-02 -1.139213744638494230e-01 1.106369284696040456e-01 -1.573882238353474516e-01 -5.952591015204888869e-02 -5.012146214975610192e-02 1.723689622053259374e-01 -8.478483196228348007e-02 -1.777657800530414445e-01 -7.694003787267233996e-02 1.221594103093863737e-01 -1.847063303087130848e-01 -7.512985645641889754e-02 1.394931804677749243e-01 -2.357995996381978543e-03 -1.978455729371553229e-02 -4.945490047919187671e-02 -1.132806747184336715e-02 -4.643726412266180326e-04 7.244121579015910806e-03 2.151620130391446173e-02
-1.446830433770449065e-02 -1.165117880060811129e-01 -1.938572503729873997e-02 -3.103114537164886055e-02 -1.276890331826799896e-01 -1.001473066250269106e-02 -1.513460626694151934e-02 -6.878214511162838996e-02 2.323512465208821265e-02 1.725649213593125619e-01 1.438675303754666235e-01 -6.165796648791932455e-02 6.080111144398669953e-02 3.089630604667230607e-01 5.279739685873097166e-02 -2.760158460691786164e-02 1.432533139784837317e-01 6.321276199117886740e-01 2.779846238571177519e-01 2.363655211168540493e-01 7.926097173618562586e-02 0.000000000000000000e+00 1.992103364181023739e-01 1.881736634671091757e-01 -1.602572409936597886e-02 4.110266745875224004e-03 -3.638492299845830225e-02 -4.614328985306337394e-02 -1.706560676554234046e-01 4.266270034406871581e-02 -1.341831143797798109e-01 -3.360047750644046261e-02 -1.396246186037697345e-01 6.216027933021650576e-02 2.857485125041774321e-01 7.254687096522782763e-02 -1.380756546838468601e-02 -6.600919222846801659e-02 -1.589874397964652353e-02 2.552039562134891248e-01 -7.888782448444264794e-02 -1.080954399701828939e-01 1.329745000356261642e-01 -1.027287156627423315e-01 -2.004902908419516905e-01 6.021990160266965653e-02 5.787678064741075268e-02 9.522540872825246971e-02 -1.723267708265914244e-01 -1.417464845117288874e-03 -2.677163898088008587e-02 -2.250312763037605746e-01 -1.697622916646943092e-02 -6.455383814642270957e-02 -6.376101441150694438e-03 -5.642460422320905167e-02
-1.074714352221702029e-02 -8.349544727055641102e-02 -3.885758770443792365e-02 6.995400055656142424e-02 -1.981859176416701507e-01 -1.378282558766271704e-01 -2.030648825731540263e-02 1.877561990504335032e-01 9.950884507533586110e-02 -1.317625949748446601e-01 -1.437324263662342894e-02 1.356471071901046432e-01 1.190524292363323022e-01 -2.302243542775440632e-01 -6.078355045496297571e-02 -7.092269968227615795e-02 -1.475185577738917786e-01 -1.944260520428267025e-01 1.992156741167585565e-01 1.247577940046933342e-01 8.190504514540286607e-04 1.992103364181023739e-01 0.000000000000000000e+00 4.093481883751040051e-01 1.228954417115468711e-01 3.433369815320168605e-01 1.980820337769230166e-01 2.693175265521252637e-01 3.042666957645190351e-02 -7.075874492114175851e-02 -8.757864614939370185e-02 -1.570859322230158117e-01 3.516911695034485863e-02 -2.066399290899442187e-01 -8.241644907375578200e-02 -4.554808993445880194e-02 -8.206113162542738593e-02 -7.010112863080641965e-02 -2.822131948380524058e-02 -7.407460692516543155e-02 -1.748500895631444063e-01 8.337377470043116912e-02 -1.367349217264586247e-01 -1.305722981638823832e-01 -1.413296254604065050e-01 2.985291584709113266e-01 -9.058250773658071964e-02 -1.657707645171702104e-01 4.908390495008055909e-01 3.605015494116226016e-01 3.751877065081554719e-02 2.445446419529487825e-01 5.194494888193007531e-02 1.685319283203356999e-02 1.785853470501672091e-02 2.689748823596310734e-02
-2.613335391573050337e-02 -9.318602159687655595e-02 -4.391697292249191475e-02 -7.221715875063616785e-02 -1.289190975009080198e-02 -5.380957983162515390e-03 -9.691891828632370753e-02 -1.542977676077006421e-02 1.625118917485010028e-01 5.246636802786341924e-02 4.739853976302010885e-02 -1.328439852844800484e-01 1.905122263359912971e-01 6.521003401178915304e-02 -9.223233065096314576e-02 -4.906819325716982316e-02 -2.958361706356229526e-01 6.367521892007599327e-02 -5.899409782172249095e-02 2.232813543518127331e-01 3.955647843916998418e-02 1.881736634671091757e-01 4.093481883751040051e-01 0.000000000000000000e+00 3.703070443866989248e-01 1.484121144018970551e-01 8.384237640036618089e-02 2.045090396424384949e-01 -1.791435713836133647e-01 -6.398729391440549641e-02 1.584179494460553617e-01 -2.946222919410979024e-02 -6.072127804759208658e-02 -2.994371458971034627e-02 -3.396285970593426740e-02 -6.599771283901068042e-02 1.169775880309256166e-01 2.261413429796175212e-01 -1.751994944141277433e-01 -5.549033798369151782e-02 1.413615436065980280e-01 6.278892493460697111e-03 2.806172168058518324e-02 -1.932119353634309533e-02 7.375918560876071339e-02 -1.975013822973559208e-02 -3.157374153200209754e-02 -1.227465040287660791e-01 1.066804490757957691e-01 1.281698470204961637e-01 2.394472720101137320e-02 1.289648528386528881e-01 -4.710134998669052164e-02 1.893629771961657937e-02 -7.750944846268853494e-02 2.105605825423953470e-02
-1.667430431062473517e-02 -6.844269836518274142e-02 -1.628934979165719277e-03 -1.291153985233089996e-01 7.483608382064010911e-02 -1.995766404199404986e-01 1.575577132121042112e-02 -8.185443689390536903e-02 5.825566051538799694e-02 1.434316081688786770e-01 1.177530609254073823e-03 1.126207152857152671e-01 -5.149878477137415089e-02 1.722981799223197719e-01 1.460117258203692536e-01 -1.994823955728537435e-01 -4.978934012562996614e-03 1.363625657414719861e-01 3.855637094193742342e-02 -4.531966263207287682e-02 8.652732660522488572e-02 -1.602572409936597886e-02 1.228954417115468711e-01 3.703070443866989248e-01 0.000000000000000000e+00 1.611008475258355332e-01 1.154599771563689092e-01 1.746922153747099138e-02 -2.652591813252569430e-02 1.855816273165502572e-01 -2.611367045770429662e-02 -3.216812699867732661e-02 -4.033414814396674153e-02 -1.433062813957457493e-01 -3.861269486569707254e-02 -2.279238696723151492e-02 1.317974168296636162e-01 1.047193565168602625e-01 -1.882203807353348690e-01 1.173384461909399157e-01 9.953736322011108584e-02 -6.558105345332798652e-02 4.062008305839870381e-02 -1.323878561417981548e-01 3.236672877467983156e-02 -5.537306835417910023e-02 -6.716578586211108259e-02 7.848872534491802000e-02 1.804643052792151980e-01 7.978674314661282629e-02 1.353502447211936133e-01 1.346834030003646321e-01 -3.467320002640272847e-03 -1.395950710385476801e-02 3.301198473989186422e-03 -5.261346178359410652e-03
9.717328244525313963e-03 1.279497529506390396e-01 -1.858095779999519026e-02 -2.410814949644035643e-02 7.972797901116135399e-02 -1.149035219068725855e-01 -1.173809363392441796e-02 3.926738548329777867e-01 1.740121526229929660e-01 -1.458019887170469708e-02 -1.238485546125955850e-01 5.817631394022360070e-03 1.036941360760232911e-01 -2.219411576283514265e-02 9.029955513383258747e-03 7.321894425529518191e-02 -9.773665256745189822e-02 -9.142738501141645102e-02 -7.927635281971490144e-03 -3.016135729512120500e-01 1.814141899258436830e-02 4.110266745875224004e-03 3.433369815320168605e-01 1.484121144018970551e-01 1.611008475258355332e-01 0.000000000000000000e+00 3.294678647306104047e-02 4.076649578774997895e-01 1.050030079565498209e-01 -1.835755319919976092e-01 9.318200258099662570e-02 -2.654065023764782261e-01 -1.007248103179777532e-01 1.594559374840542887e-02 -1.190681209459925061e-01 -3.965535262151009821e-02 9.778703772400532124e-02 1.338993480932901825e-01 9.115772772617658504e-02 1.289705841182642310e-02 7.990967704285312223e-02 -9.629203594554591739e-02 -4.201481571346987742e-02 -1.228287249969384209e-01 1.110092134458593449e-01 -1.197033121563222391e-01 2.827059650541485780e-02 4.055410774910095384e-02 9.332308043946735410e-02 -2.115491925495627257e-02 -3.310134856608470955e-03 1.795423375490480256e-01 -2.455969047274145223e-02 -5.866076094809621888e-02 1.147683819996125898e-02 -2.579447888466637751e-02
-2.673282393302749138e-02 5.597185988355790620e-04 5.950882096842141644e-02 -1.551757561690958465e-02 3.361100944814243707e-02 6.228927747881718435e-02 2.255973761391283361e-02 -1.077232646975523345e-02 1.777627824115135535e-02 1.388802888591176288e-01 1.071228396456815890e-01 8.280164948846613360e-02 -6.830982705515253883e-02 4.228480087133945631e-03 -6.134755326489316207e-02 -7.827525117273947952e-02 -7.996261398816806309e-02 -1.297822377309584274e-01 5.421851687406054054e-04 -5.430998831441702368e-02 1.345771383585536718e-02 -3.638492299845830225e-02 1.980820337769230166e-01 8.384237640036618089e-02 1.154599771563689092e-01 3.294678647306104047e-02 0.000000000000000000e+00 3.070785072720880748e-01 3.760492842852469764e-02 8.305693057832197468e-02 -2.339602179143152050e-02 -1.450883145296084642e-01 -1.633694115580422435e-01 -1.750034443579052690e-01 -1.182769048746008522e-01 1.805407964580861835e-01 3.452442940174594854e-01 -1.548531584826858820e-01 -6.922495619444157811e-02 -6.639641300926402145e-02 3.973446531739155407e-02 9.295686331188701690e-02 2.384312302242266313e-01 2.004175511267729526e-01 -1.394555035624648331e-01 -6.748756458910087908e-02 -9.402376344274543385e-03 -5.770610761020755763e-02 -2.255290257448749891e-02 2.148494343729290268e-02 5.646354323110780449e-02 9.483184529450916500e-02 -1.443619384791047788e-02 -2.951406072072057518e-02 -4.670331129409510673e-03 -1.599950607907466016e-02
